2 559 687 -54.441
4 223 528 -173.225
5 1171 275 -20.993
6 1184 356 -147.564
7 136 375 -81.84
8 1352 364 -104.501
9 1276 285 -33.511
12 692 390 -47.092
13 625 722 -167.95
14 1263 400 -172.351
18 410 191 -166.174
22 736 641 -92.27
23 1109 368 -1.095
24 218 343 -89.148
25 566 523 -22.019
29 1365 262 -98.001
31 561 329 -56.444
33 1143 460 -22.783
34 841 273 -33.25
35 833 435 -141.684
40 1514 56 -2.912
41 1205 209 -108.634
42 1359 442 -33.639
44 1230 609 -171.183
51 61 292 -127.843
54 1100 185 -133.761
55 161 264 -23.234
56 124 569 -93.226
57 771 347 -6.516
61 1662 83 -39.448
62 1625 32 -63.319
68 479 658 -26.352
70 158 189 -107.435
72 1670 151 -121.084
74 1654 359 -124.583
75 197 122 -78.132
76 46 408 -72.758
80 492 736 -173.45
89 1250 90 -124.869
90 934 337 -98.823
91 1286 449 -3.46
92 654 345 -162.924
95 1043 95 -168.041
96 1047 381 -73.112
102 1471 705 -39.241
103 1490 503 -173.479
107 1642 462 -77.489
108 73 732 -86.565
111 1379 184 -83.165
113 74 248 -101.805
116 1129 600 -166.667
129 866 726 -101.143
138 1676 445 -93.387
142 954 346 -72.127
143 1364 675 -20.906
145 1295 157 -80.915
154 195 599 -171.895
160 337 717 -138.769
163 1309 632 -10.804
168 1139 535 -105.481
172 961 113 -112.445
173 147 53 -8.82
176 338 359 -68.098
180 572 750 -12.337
185 124 102 -80.682
199 1012 124 -84.993
202 612 321 -90.184
205 1351 603 -0.331
219 1543 339 -36.31
221 1029 196 -80.359
229 1457 537 -84.36
231 319 590 -8.513
233 1396 633 -105.656
247 24 558 -104.27
249 1303 91 -15.511
262 205 283 -56.696
278 375 607 -52.056
320 216 746 -177.039